{
  "advancedEditorSelectedIdentifier" : "ProjectBrowser",
  "openSceneRelativePaths" : [
    "Immersive.usda",
    "anotherWorld.usda"
  ],
  "recentIdentifiers" : {
    "AF09ED6F-1707-48FD-8720-65B998362C09" : [

    ],
    "DB85CEC6-4165-4489-A56A-0F970CE413FC" : [

    ]
  },
  "sceneCameraHistory" : {
    "AF09ED6F-1707-48FD-8720-65B998362C09" : [
      {
        "date" : 710796242.53508198,
        "title" : "Untitled",
        "transform" : [
          0.99802654981613159,
          2.1828618912422826e-09,
          -0.062793396413326263,
          0,
          -0.0020705284550786018,
          0.99945616722106934,
          -0.032908760011196136,
          0,
          0.062759228050708771,
          0.032973788678646088,
          0.99748384952545166,
          0,
          0.26120328903198242,
          0.94626694917678833,
          2.1439812183380127,
          1
        ]
      },
      {
        "date" : 710796232.07975602,
        "title" : "Untitled",
        "transform" : [
          0.90319734811782837,
          2.1828618912422826e-09,
          -0.42922550439834595,
          0,
          -0.014153200201690197,
          0.99945616722106934,
          -0.029781881719827652,
          0,
          0.42899206280708313,
          0.032973788678646088,
          0.90270620584487915,
          0,
          1.6829578876495361,
          0.94626694917678833,
          1.7099809646606445,
          1
        ]
      },
      {
        "date" : 710796152.80446804,
        "title" : "Untitled",
        "transform" : [
          0.99905163049697876,
          -3.2188696152957164e-10,
          0.043540775775909424,
          0,
          0.008719603531062603,
          0.97974234819412231,
          -0.20007267594337463,
          0,
          -0.042658746242523193,
          0.20026256144046783,
          0.97881323099136353,
          0,
          -0.14650991559028625,
          1.5914305448532104,
          1.951678991317749,
          1
        ]
      },
      {
        "date" : 710796130.38973606,
        "title" : "Untitled",
        "transform" : [
          0.998238205909729,
          -2.9436481030487016e-10,
          0.059333499521017075,
          0,
          0.018488166853785515,
          0.95021432638168335,
          -0.3110482394695282,
          0,
          -0.056379552930593491,
          0.31159719824790955,
          0.94854027032852173,
          0,
          -0.19290803372859955,
          2.0074071884155273,
          1.744087815284729,
          1
        ]
      },
      {
        "date" : 710796116.77638495,
        "title" : "Untitled",
        "transform" : [
          0.998238205909729,
          -2.9436481030487016e-10,
          0.059333499521017075,
          0,
          0.018488166853785515,
          0.95021432638168335,
          -0.3110482394695282,
          0,
          -0.056379552930593491,
          0.31159719824790955,
          0.94854027032852173,
          0,
          -0.17575550079345703,
          1.1265486478805542,
          0.20587027072906494,
          1
        ]
      },
      {
        "date" : 710796087.72415805,
        "title" : "Untitled",
        "transform" : [
          0.99847316741943359,
          -2.9042446225702179e-10,
          0.055239263921976089,
          0,
          0.01693776436150074,
          0.95183038711547852,
          -0.30615699291229248,
          0,
          -0.052578423172235489,
          0.30662518739700317,
          0.95037710666656494,
          0,
          -0.16801151633262634,
          1.1162596940994263,
          0.21179747581481934,
          1
        ]
      },
      {
        "date" : 710795793.33797801,
        "title" : "Untitled",
        "transform" : [
          0.99867188930511475,
          -2.9042446225702179e-10,
          0.051521427929401398,
          0,
          0.015797782689332962,
          0.95183038711547852,
          -0.30621793866157532,
          0,
          -0.049039673060178757,
          0.30662518739700317,
          0.95056623220443726,
          0,
          -0.14178009331226349,
          2.4146697521209717,
          3.1697084903717041,
          1
        ]
      },
      {
        "date" : 710795780.45574498,
        "title" : "Untitled",
        "transform" : [
          0.99867188930511475,
          -2.9042446225702179e-10,
          0.051521427929401398,
          0,
          0.015797782689332962,
          0.95183038711547852,
          -0.30621793866157532,
          0,
          -0.049039673060178757,
          0.30662518739700317,
          0.95056623220443726,
          0,
          -0.17278462648391724,
          2.5160567760467529,
          3.3696615695953369,
          1
        ]
      },
      {
        "date" : 710795723.12228203,
        "title" : "Untitled",
        "transform" : [
          0.99867188930511475,
          -2.9042446225702179e-10,
          0.051521427929401398,
          0,
          0.015797782689332962,
          0.95183038711547852,
          -0.30621793866157532,
          0,
          -0.04903966560959816,
          0.30662515759468079,
          0.95056611299514771,
          0,
          -0.36285090446472168,
          2.1990139484405518,
          3.4621245861053467,
          1
        ]
      },
      {
        "date" : 710795717.78987503,
        "title" : "Untitled",
        "transform" : [
          0.9932481050491333,
          5.5205853777273717e-11,
          -0.11600927263498306,
          0,
          -0.059656586498022079,
          0.85764646530151367,
          -0.51076781749725342,
          0,
          0.09949493408203125,
          0.5142398476600647,
          0.85185563564300537,
          0,
          0.61978775262832642,
          3.5741434097290039,
          2.7720139026641846,
          1
        ]
      }
    ],
    "DB85CEC6-4165-4489-A56A-0F970CE413FC" : [
      {
        "date" : 717364910.48175204,
        "title" : "Untitled",
        "transform" : [
          0.88239550590515137,
          1.0008793793758741e-10,
          -0.47050836682319641,
          0,
          -0.0027845189906656742,
          0.99998253583908081,
          -0.0052220728248357773,
          0,
          0.47050014138221741,
          0.0059180371463298798,
          0.88238006830215454,
          0,
          3.5760149955749512,
          1.5847852230072021,
          6.2853622436523438,
          1
        ]
      },
      {
        "date" : 717364901.51377797,
        "title" : "Untitled",
        "transform" : [
          0.88239550590515137,
          1.0008793793758741e-10,
          -0.47050836682319641,
          0,
          -0.0027845189906656742,
          0.99998253583908081,
          -0.0052220728248357773,
          0,
          0.47050014138221741,
          0.0059180371463298798,
          0.88238006830215454,
          0,
          2.1805629730224609,
          1.7428600788116455,
          7.0283794403076172,
          1
        ]
      },
      {
        "date" : 715277780.77692699,
        "title" : "Untitled",
        "transform" : [
          0.2662387490272522,
          3.0247537807781555e-10,
          -0.96390706300735474,
          0,
          -0.015983935445547104,
          0.99986255168914795,
          -0.0044148704037070274,
          0,
          0.96377456188201904,
          0.016582401469349861,
          0.26620215177536011,
          0,
          7.0072917938232422,
          2.7385106086730957,
          1.6495411396026611,
          1
        ]
      },
      {
        "date" : 715277772.48907697,
        "title" : "Untitled",
        "transform" : [
          0.2662387490272522,
          3.0247537807781555e-10,
          -0.96390706300735474,
          0,
          -0.015983935445547104,
          0.99986255168914795,
          -0.0044148704037070274,
          0,
          0.96377456188201904,
          0.016582401469349861,
          0.26620215177536011,
          0,
          7.1722970008850098,
          1.2568907737731934,
          1.1444394588470459,
          1
        ]
      },
      {
        "date" : 715277698.01101696,
        "title" : "Untitled",
        "transform" : [
          0.2662387490272522,
          3.0247537807781555e-10,
          -0.96390706300735474,
          0,
          -0.015983935445547104,
          0.99986255168914795,
          -0.0044148704037070274,
          0,
          0.96377456188201904,
          0.016582401469349861,
          0.26620215177536011,
          0,
          7.1722993850708008,
          1.2568986415863037,
          1.1444399356842041,
          1
        ]
      },
      {
        "date" : 715277545.50072801,
        "title" : "Untitled",
        "transform" : [
          0.2662387490272522,
          3.0247537807781555e-10,
          -0.96390706300735474,
          0,
          -0.015983935445547104,
          0.99986255168914795,
          -0.0044148704037070274,
          0,
          0.96377456188201904,
          0.016582401469349861,
          0.26620215177536011,
          0,
          7.6996960639953613,
          2.5225164890289307,
          -0.84381985664367676,
          1
        ]
      },
      {
        "date" : 715277264.27089095,
        "title" : "Untitled",
        "transform" : [
          0.26735639572143555,
          3.0247537807781555e-10,
          -0.96359765529632568,
          0,
          -0.015978805720806122,
          0.99986255168914795,
          -0.0044334032572805882,
          0,
          0.96346521377563477,
          0.016582401469349861,
          0.26731961965560913,
          0,
          10.992022514343262,
          0.093287348747253418,
          3.8057804107666016,
          1
        ]
      },
      {
        "date" : 715275971.44510198,
        "title" : "Untitled",
        "transform" : [
          0.29298886656761169,
          3.0247537807781555e-10,
          -0.95611578226089478,
          0,
          -0.015854736790060997,
          0.9998624324798584,
          -0.0048584518954157829,
          0,
          0.95598441362380981,
          0.016582401469349861,
          0.29294857382774353,
          0,
          7.3192648887634277,
          1.1302275657653809,
          2.2621867656707764,
          1
        ]
      },
      {
        "date" : 715275965.22826195,
        "title" : "Untitled",
        "transform" : [
          0.0081232897937297821,
          1.5949549458937895e-09,
          -0.99996697902679443,
          0,
          -0.17049139738082886,
          0.98535811901092529,
          -0.0013849791139364243,
          0,
          0.98532569408416748,
          0.17049698531627655,
          0.008004315197467804,
          0,
          7.3738460540771484,
          2.2959022521972656,
          0.078351706266403198,
          1
        ]
      },
      {
        "date" : 715275956.40276897,
        "title" : "Untitled",
        "transform" : [
          -0.087830580770969391,
          2.0153669844091837e-09,
          -0.99613553285598755,
          0,
          0.104502834379673,
          0.99448186159133911,
          -0.0092141330242156982,
          0,
          0.99063867330551147,
          -0.1049082949757576,
          -0.087345927953720093,
          0,
          7.4207973480224609,
          0.23406332731246948,
          -0.6357806921005249,
          1
        ]
      }
    ]
  },
  "selectedSceneRelativePath" : "anotherWorld.usda"
}