{
  "advancedEditorSelectedIdentifier" : "ProjectBrowser",
  "openSceneRelativePaths" : [
    "Immersive.usda"
  ],
  "recentIdentifiers" : {
    "AF09ED6F-1707-48FD-8720-65B998362C09" : [

    ]
  },
  "sceneCameraHistory" : {
    "AF09ED6F-1707-48FD-8720-65B998362C09" : [
      {
        "date" : 710796242.53508198,
        "title" : "Untitled",
        "transform" : [
          0.99802654981613159,
          2.1828618912422826e-09,
          -0.062793396413326263,
          0,
          -0.0020705284550786018,
          0.99945616722106934,
          -0.032908760011196136,
          0,
          0.062759228050708771,
          0.032973788678646088,
          0.99748384952545166,
          0,
          0.26120328903198242,
          0.94626694917678833,
          2.1439812183380127,
          1
        ]
      },
      {
        "date" : 710796232.07975602,
        "title" : "Untitled",
        "transform" : [
          0.90319734811782837,
          2.1828618912422826e-09,
          -0.42922550439834595,
          0,
          -0.014153200201690197,
          0.99945616722106934,
          -0.029781881719827652,
          0,
          0.42899206280708313,
          0.032973788678646088,
          0.90270620584487915,
          0,
          1.6829578876495361,
          0.94626694917678833,
          1.7099809646606445,
          1
        ]
      },
      {
        "date" : 710796152.80446804,
        "title" : "Untitled",
        "transform" : [
          0.99905163049697876,
          -3.2188696152957164e-10,
          0.043540775775909424,
          0,
          0.008719603531062603,
          0.97974234819412231,
          -0.20007267594337463,
          0,
          -0.042658746242523193,
          0.20026256144046783,
          0.97881323099136353,
          0,
          -0.14650991559028625,
          1.5914305448532104,
          1.951678991317749,
          1
        ]
      },
      {
        "date" : 710796130.38973606,
        "title" : "Untitled",
        "transform" : [
          0.998238205909729,
          -2.9436481030487016e-10,
          0.059333499521017075,
          0,
          0.018488166853785515,
          0.95021432638168335,
          -0.3110482394695282,
          0,
          -0.056379552930593491,
          0.31159719824790955,
          0.94854027032852173,
          0,
          -0.19290803372859955,
          2.0074071884155273,
          1.744087815284729,
          1
        ]
      },
      {
        "date" : 710796116.77638495,
        "title" : "Untitled",
        "transform" : [
          0.998238205909729,
          -2.9436481030487016e-10,
          0.059333499521017075,
          0,
          0.018488166853785515,
          0.95021432638168335,
          -0.3110482394695282,
          0,
          -0.056379552930593491,
          0.31159719824790955,
          0.94854027032852173,
          0,
          -0.17575550079345703,
          1.1265486478805542,
          0.20587027072906494,
          1
        ]
      },
      {
        "date" : 710796087.72415805,
        "title" : "Untitled",
        "transform" : [
          0.99847316741943359,
          -2.9042446225702179e-10,
          0.055239263921976089,
          0,
          0.01693776436150074,
          0.95183038711547852,
          -0.30615699291229248,
          0,
          -0.052578423172235489,
          0.30662518739700317,
          0.95037710666656494,
          0,
          -0.16801151633262634,
          1.1162596940994263,
          0.21179747581481934,
          1
        ]
      },
      {
        "date" : 710795793.33797801,
        "title" : "Untitled",
        "transform" : [
          0.99867188930511475,
          -2.9042446225702179e-10,
          0.051521427929401398,
          0,
          0.015797782689332962,
          0.95183038711547852,
          -0.30621793866157532,
          0,
          -0.049039673060178757,
          0.30662518739700317,
          0.95056623220443726,
          0,
          -0.14178009331226349,
          2.4146697521209717,
          3.1697084903717041,
          1
        ]
      },
      {
        "date" : 710795780.45574498,
        "title" : "Untitled",
        "transform" : [
          0.99867188930511475,
          -2.9042446225702179e-10,
          0.051521427929401398,
          0,
          0.015797782689332962,
          0.95183038711547852,
          -0.30621793866157532,
          0,
          -0.049039673060178757,
          0.30662518739700317,
          0.95056623220443726,
          0,
          -0.17278462648391724,
          2.5160567760467529,
          3.3696615695953369,
          1
        ]
      },
      {
        "date" : 710795723.12228203,
        "title" : "Untitled",
        "transform" : [
          0.99867188930511475,
          -2.9042446225702179e-10,
          0.051521427929401398,
          0,
          0.015797782689332962,
          0.95183038711547852,
          -0.30621793866157532,
          0,
          -0.04903966560959816,
          0.30662515759468079,
          0.95056611299514771,
          0,
          -0.36285090446472168,
          2.1990139484405518,
          3.4621245861053467,
          1
        ]
      },
      {
        "date" : 710795717.78987503,
        "title" : "Untitled",
        "transform" : [
          0.9932481050491333,
          5.5205853777273717e-11,
          -0.11600927263498306,
          0,
          -0.059656586498022079,
          0.85764646530151367,
          -0.51076781749725342,
          0,
          0.09949493408203125,
          0.5142398476600647,
          0.85185563564300537,
          0,
          0.61978775262832642,
          3.5741434097290039,
          2.7720139026641846,
          1
        ]
      }
    ]
  },
  "selectedSceneRelativePath" : "Immersive.usda"
}