{
  "advancedEditorSelectedIdentifier" : "ProjectBrowser",
  "openSceneRelativePaths" : [
    "Immersive.usda",
    "anotherWorld.usda"
  ],
  "recentIdentifiers" : {
    "AF09ED6F-1707-48FD-8720-65B998362C09" : [

    ],
    "DB85CEC6-4165-4489-A56A-0F970CE413FC" : [

    ]
  },
  "sceneCameraHistory" : {
    "AF09ED6F-1707-48FD-8720-65B998362C09" : [
      {
        "date" : 710796242.535082,
        "title" : "Untitled",
        "transform" : [
          0.99802655,
          2.182862e-09,
          -0.0627934,
          0,
          -0.0020705285,
          0.99945617,
          -0.03290876,
          0,
          0.06275923,
          0.03297379,
          0.99748385,
          0,
          0.2612033,
          0.94626695,
          2.1439812,
          1
        ]
      },
      {
        "date" : 710796232.079756,
        "title" : "Untitled",
        "transform" : [
          0.90319735,
          2.182862e-09,
          -0.4292255,
          0,
          -0.0141532,
          0.99945617,
          -0.029781882,
          0,
          0.42899206,
          0.03297379,
          0.9027062,
          0,
          1.6829579,
          0.94626695,
          1.709981,
          1
        ]
      },
      {
        "date" : 710796152.804468,
        "title" : "Untitled",
        "transform" : [
          0.99905163,
          -3.2188696e-10,
          0.043540776,
          0,
          0.0087196035,
          0.97974235,
          -0.20007268,
          0,
          -0.042658746,
          0.20026256,
          0.97881323,
          0,
          -0.14650992,
          1.5914305,
          1.951679,
          1
        ]
      },
      {
        "date" : 710796130.389736,
        "title" : "Untitled",
        "transform" : [
          0.9982382,
          -2.943648e-10,
          0.0593335,
          0,
          0.018488167,
          0.9502143,
          -0.31104824,
          0,
          -0.056379553,
          0.3115972,
          0.9485403,
          0,
          -0.19290803,
          2.0074072,
          1.7440878,
          1
        ]
      },
      {
        "date" : 710796116.776385,
        "title" : "Untitled",
        "transform" : [
          0.9982382,
          -2.943648e-10,
          0.0593335,
          0,
          0.018488167,
          0.9502143,
          -0.31104824,
          0,
          -0.056379553,
          0.3115972,
          0.9485403,
          0,
          -0.1757555,
          1.1265486,
          0.20587027,
          1
        ]
      },
      {
        "date" : 710796087.724158,
        "title" : "Untitled",
        "transform" : [
          0.99847317,
          -2.9042446e-10,
          0.055239264,
          0,
          0.016937764,
          0.9518304,
          -0.306157,
          0,
          -0.052578423,
          0.3066252,
          0.9503771,
          0,
          -0.16801152,
          1.1162597,
          0.21179748,
          1
        ]
      },
      {
        "date" : 710795793.337978,
        "title" : "Untitled",
        "transform" : [
          0.9986719,
          -2.9042446e-10,
          0.051521428,
          0,
          0.015797783,
          0.9518304,
          -0.30621794,
          0,
          -0.049039673,
          0.3066252,
          0.95056623,
          0,
          -0.1417801,
          2.4146698,
          3.1697085,
          1
        ]
      },
      {
        "date" : 710795780.455745,
        "title" : "Untitled",
        "transform" : [
          0.9986719,
          -2.9042446e-10,
          0.051521428,
          0,
          0.015797783,
          0.9518304,
          -0.30621794,
          0,
          -0.049039673,
          0.3066252,
          0.95056623,
          0,
          -0.17278463,
          2.5160568,
          3.3696616,
          1
        ]
      },
      {
        "date" : 710795723.122282,
        "title" : "Untitled",
        "transform" : [
          0.9986719,
          -2.9042446e-10,
          0.051521428,
          0,
          0.015797783,
          0.9518304,
          -0.30621794,
          0,
          -0.049039666,
          0.30662516,
          0.9505661,
          0,
          -0.3628509,
          2.199014,
          3.4621246,
          1
        ]
      },
      {
        "date" : 710795717.789875,
        "title" : "Untitled",
        "transform" : [
          0.9932481,
          5.5205854e-11,
          -0.11600927,
          0,
          -0.059656586,
          0.85764647,
          -0.5107678,
          0,
          0.099494934,
          0.51423985,
          0.85185564,
          0,
          0.61978775,
          3.5741434,
          2.772014,
          1
        ]
      }
    ],
    "DB85CEC6-4165-4489-A56A-0F970CE413FC" : [
      {
        "date" : 718661183.209728,
        "title" : "Untitled",
        "transform" : [
          0.94856966,
          7.211055e-10,
          -0.31656864,
          0,
          0.0078069502,
          0.9996959,
          0.023392888,
          0,
          0.31647235,
          -0.024661254,
          0.9482811,
          0,
          42.783062,
          -0.8311658,
          90.33951,
          1
        ]
      },
      {
        "date" : 718661154.260873,
        "title" : "Untitled",
        "transform" : [
          0.94856966,
          7.211055e-10,
          -0.31656864,
          0,
          0.0078069502,
          0.9996959,
          0.023392888,
          0,
          0.31647235,
          -0.024661254,
          0.9482811,
          0,
          1.2199544,
          1.9298403,
          3.8311374,
          1
        ]
      },
      {
        "date" : 718661149.693339,
        "title" : "Untitled",
        "transform" : [
          0.94856954,
          7.211054e-10,
          -0.3165686,
          0,
          0.0078069502,
          0.9996959,
          0.023392888,
          0,
          0.31647235,
          -0.024661254,
          0.9482811,
          0,
          0.7981259,
          0.96920216,
          3.9469326,
          1
        ]
      },
      {
        "date" : 718660931.103973,
        "title" : "Untitled",
        "transform" : [
          0.95667034,
          7.211054e-10,
          -0.29117304,
          0,
          0.007180664,
          0.9996959,
          0.023592664,
          0,
          0.29108447,
          -0.024661254,
          0.9563795,
          0,
          0.5477814,
          1.2016064,
          3.1467235,
          1
        ]
      },
      {
        "date" : 718660924.810294,
        "title" : "Untitled",
        "transform" : [
          0.95667034,
          7.211054e-10,
          -0.29117304,
          0,
          0.007180664,
          0.9996959,
          0.023592664,
          0,
          0.29108447,
          -0.024661254,
          0.9563795,
          0,
          0.23187208,
          1.5663315,
          3.2522788,
          1
        ]
      },
      {
        "date" : 718660910.9275,
        "title" : "Untitled",
        "transform" : [
          0.95667034,
          7.211054e-10,
          -0.29117304,
          0,
          0.007180664,
          0.9996959,
          0.023592664,
          0,
          0.29108447,
          -0.024661254,
          0.9563795,
          0,
          0.22420454,
          1.4423997,
          3.2514167,
          1
        ]
      },
      {
        "date" : 718660868.877652,
        "title" : "Untitled",
        "transform" : [
          0.95667034,
          7.211054e-10,
          -0.29117304,
          0,
          0.007180664,
          0.9996959,
          0.023592664,
          0,
          0.29108447,
          -0.024661254,
          0.9563795,
          0,
          0.3700719,
          1.6136923,
          3.2114377,
          1
        ]
      },
      {
        "date" : 718660864.390349,
        "title" : "Untitled",
        "transform" : [
          0.95667034,
          7.211054e-10,
          -0.29117304,
          0,
          0.007180664,
          0.9996959,
          0.023592664,
          0,
          0.29108447,
          -0.024661254,
          0.9563795,
          0,
          0.29342926,
          1.5014266,
          3.2318697,
          1
        ]
      },
      {
        "date" : 718660853.794953,
        "title" : "Untitled",
        "transform" : [
          0.9578969,
          7.211054e-10,
          -0.2871123,
          0,
          0.0070805214,
          0.9996959,
          0.023622911,
          0,
          0.28702497,
          -0.024661254,
          0.95760566,
          0,
          0.45172417,
          1.8097696,
          5.2212114,
          1
        ]
      },
      {
        "date" : 718660849.860539,
        "title" : "Untitled",
        "transform" : [
          0.8823955,
          1.0008794e-10,
          -0.47050837,
          0,
          -0.002784519,
          0.99998254,
          -0.005222073,
          0,
          0.47050014,
          0.005918037,
          0.88238007,
          0,
          1.1582913,
          1.4065442,
          7.5757303,
          1
        ]
      }
    ]
  },
  "selectedSceneRelativePath" : "anotherWorld.usda"
}